      0/11     1.63G    0.1246   0.05608         0    0.1807        22       320         0         0  0.002412 0.0004087    0.1226   0.04496         0
      1/11     1.65G    0.1255   0.04966         0    0.1752        18       320         0         0   0.00192 0.0003318    0.1224   0.04497         0
      2/11     1.65G    0.1247   0.05217         0    0.1769        21       320         0         0  0.001544 0.0002926    0.1223   0.04491         0
      3/11     1.65G    0.1244   0.04772         0    0.1722        17       320         0         0  0.001403 0.0002653    0.1222   0.04487         0
      4/11     1.65G    0.1271   0.04983         0    0.1769        19       320         0         0  0.001181 0.0002651     0.122   0.04482         0
      5/11     1.65G    0.1239   0.05503         0    0.1789        20       320         0         0  0.001167 0.0002622    0.1219   0.04467         0
      6/11     1.65G    0.1259   0.04875         0    0.1746        20       320         0         0  0.001174 0.0002826    0.1219   0.04453         0
      7/11     1.65G    0.1245   0.04976         0    0.1742        19       320         0         0  0.001196 0.0002544    0.1218   0.04432         0
      8/11     1.65G    0.1234    0.0581         0    0.1815        26       320         0         0  0.001262 0.0002681    0.1218   0.04418         0
      9/11     1.65G    0.1208   0.05267         0    0.1735        21       320         0         0  0.001012 0.0002184    0.1217     0.044         0
     10/11     1.65G    0.1195   0.04888         0    0.1683        19       320         0         0  0.001019 0.0002202    0.1217    0.0438         0
     11/11     1.65G    0.1265   0.05123         0    0.1777        25       320         0         0   0.00101 0.0001991    0.1219   0.04354         0
